units real
atom_style full

dimension 3
boundary p p p

bond_style hybrid harmonic
angle_style hybrid harmonic
dihedral_style hybrid multi/harmonic
special_bonds lj 0.0 0.0 0.5 coul 0.0 0.0 0.5 dihedral yes

read_data converted.lmp

pair_style lj/cut/coul/long 12.0 12.0
# pair_modify tail yes
kspace_style pppm 1e-8

pair_coeff 1 1   0.0660000   3.5000000
pair_coeff 2 2   0.0300000   2.5000000
pair_coeff 3 3   0.0300000   2.5000000
pair_coeff 4 4   0.0660000   3.5000000
pair_coeff 5 5   0.0300000   2.5000000
pair_coeff 6 6   0.0300000   2.5000000
pair_coeff 7 7   0.1400000   2.9000000
pair_coeff 8 8   0.0700000   3.5500000
pair_coeff 9 9   0.2100000   2.9600000
pair_coeff 10 10   0.0760000   3.5500000
pair_coeff 11 11   0.0760000   3.5500000
pair_coeff 12 12   0.0300000   2.5000000
pair_coeff 13 13   0.0300000   2.5000000
pair_coeff 14 14   0.0660000   3.5000000
pair_coeff 15 15   0.0300000   2.5000000
pair_coeff 16 16   0.0300000   2.5000000
pair_coeff 17 17   0.0300000   2.5000000
pair_coeff 18 18   0.0300000   2.5000000
pair_coeff 19 19   0.0660000   3.5000000
pair_coeff 20 20   0.0300000   2.5000000
pair_coeff 21 21   0.0300000   2.5000000
pair_coeff 22 22   0.0760000   3.5500000
pair_coeff 23 23   0.0760000   3.5500000
pair_coeff 24 24   0.0300000   2.5000000
pair_coeff 25 25   0.0300000   2.5000000
pair_coeff 26 26   0.0700000   3.5500000
pair_coeff 27 27   0.2100000   2.9600000
pair_coeff 28 28   0.1400000   2.9000000
pair_coeff 29 29   0.0660000   3.5000000
pair_coeff 30 30   0.0300000   2.5000000
pair_coeff 31 31   0.0300000   2.5000000
pair_coeff 32 32   0.0660000   3.5000000
pair_coeff 33 33   0.0300000   2.5000000
pair_coeff 34 34   0.0660000   3.5000000
pair_coeff 35 35   0.0300000   2.5000000
pair_coeff 36 36   0.0300000   2.5000000
pair_coeff 37 37   0.0660000   3.5000000
pair_coeff 38 38   0.0300000   2.5000000
pair_coeff 39 39   0.0300000   2.5000000
pair_coeff 40 40   0.0300000   2.5000000
pair_coeff 41 41   0.0660000   3.5000000
pair_coeff 42 42   0.0300000   2.5000000
pair_coeff 43 43   0.0300000   2.5000000
pair_coeff 44 44   0.0660000   3.5000000
pair_coeff 45 45   0.0300000   2.5000000
pair_coeff 46 46   0.0300000   2.5000000
pair_coeff 47 47   0.0660000   3.5000000
pair_coeff 48 48   0.0300000   2.5000000
pair_coeff 49 49   0.0300000   2.5000000
pair_coeff 50 50   0.0660000   3.5000000
pair_coeff 51 51   0.0300000   2.5000000
pair_coeff 52 52   0.0300000   2.5000000
pair_coeff 53 53   0.0300000   2.5000000
pair_coeff 54 54   0.0300000   2.5000000
pair_coeff 55 55   0.0660000   3.5000000
pair_coeff 56 56   0.0300000   2.5000000
pair_coeff 57 57   0.0300000   2.5000000
pair_coeff 58 58   0.0760000   3.5500000
pair_coeff 59 59   0.0760000   3.5500000
pair_coeff 60 60   0.0300000   2.5000000
pair_coeff 61 61   0.0300000   2.5000000
pair_coeff 62 62   0.0700000   3.5500000
pair_coeff 63 63   0.2100000   2.9600000
pair_coeff 64 64   0.1400000   2.9000000
pair_coeff 65 65   0.0660000   3.5000000
pair_coeff 66 66   0.0300000   2.5000000
pair_coeff 67 67   0.0300000   2.5000000
pair_coeff 68 68   0.0660000   3.5000000
pair_coeff 69 69   0.0300000   2.5000000
pair_coeff 70 70   0.0300000   2.5000000
pair_coeff 71 71   0.0660000   3.5000000
pair_coeff 72 72   0.0300000   2.5000000
pair_coeff 73 73   0.0300000   2.5000000
pair_coeff 74 74   0.0660000   3.5000000
pair_coeff 75 75   0.0300000   2.5000000
pair_coeff 76 76   0.0300000   2.5000000
pair_coeff 77 77   0.0660000   3.5000000
pair_coeff 78 78   0.0300000   2.5000000
pair_coeff 79 79   0.0300000   2.5000000
pair_coeff 80 80   0.0660000   3.5000000
pair_coeff 81 81   0.0300000   2.5000000
pair_coeff 82 82   0.0300000   2.5000000
pair_coeff 83 83   0.0660000   3.5000000
pair_coeff 84 84   0.0300000   2.5000000
pair_coeff 85 85   0.0300000   2.5000000
pair_coeff 86 86   0.0660000   3.5000000
pair_coeff 87 87   0.0300000   2.5000000
pair_coeff 88 88   0.0300000   2.5000000
pair_coeff 89 89   0.0660000   3.5000000
pair_coeff 90 90   0.0300000   2.5000000
pair_coeff 91 91   0.0300000   2.5000000
pair_coeff 92 92   0.0660000   3.5000000
pair_coeff 93 93   0.0300000   2.5000000
pair_coeff 94 94   0.0300000   2.5000000
pair_coeff 95 95   0.0660000   3.5000000
pair_coeff 96 96   0.0300000   2.5000000
pair_coeff 97 97   0.0300000   2.5000000
pair_coeff 98 98   0.0660000   3.5000000
pair_coeff 99 99   0.0300000   2.5000000
pair_coeff 100 100   0.0300000   2.5000000
pair_coeff 101 101   0.0660000   3.5000000
pair_coeff 102 102   0.0300000   2.5000000
pair_coeff 103 103   0.0300000   2.5000000
pair_coeff 104 104   0.0660000   3.5000000
pair_coeff 105 105   0.0300000   2.5000000
pair_coeff 106 106   0.0300000   2.5000000
pair_coeff 107 107   0.0660000   3.5000000
pair_coeff 108 108   0.0300000   2.5000000
pair_coeff 109 109   0.0300000   2.5000000
pair_coeff 110 110   0.0660000   3.5000000
pair_coeff 111 111   0.0300000   2.5000000
pair_coeff 112 112   0.0300000   2.5000000
pair_coeff 113 113   0.0660000   3.5000000
pair_coeff 114 114   0.0300000   2.5000000
pair_coeff 115 115   0.0300000   2.5000000
pair_coeff 116 116   0.0660000   3.5000000
pair_coeff 117 117   0.0300000   2.5000000
pair_coeff 118 118   0.0300000   2.5000000
pair_coeff 119 119   0.0300000   2.5000000
pair_coeff 120 120   0.0300000   2.5000000
pair_coeff 121 121   0.0660000   3.5000000
pair_coeff 122 122   0.0300000   2.5000000
pair_coeff 123 123   0.0300000   2.5000000
pair_coeff 124 124   0.0760000   3.5500000
pair_coeff 125 125   0.0760000   3.5500000
pair_coeff 126 126   0.0300000   2.5000000
pair_coeff 127 127   0.0300000   2.5000000
pair_coeff 128 128   0.0700000   3.5500000
pair_coeff 129 129   0.2100000   2.9600000
pair_coeff 130 130   0.1400000   2.9000000
pair_coeff 131 131   0.0660000   3.5000000
pair_coeff 132 132   0.0300000   2.5000000
pair_coeff 133 133   0.0300000   2.5000000
pair_coeff 134 134   0.0660000   3.5000000
pair_coeff 135 135   0.0300000   2.5000000
pair_coeff 136 136   0.0300000   2.5000000
pair_coeff 137 137   0.0660000   3.5000000
pair_coeff 138 138   0.0300000   2.5000000
pair_coeff 139 139   0.0300000   2.5000000
pair_coeff 140 140   0.0660000   3.5000000
pair_coeff 141 141   0.0300000   2.5000000
pair_coeff 142 142   0.0300000   2.5000000
pair_coeff 143 143   0.0660000   3.5000000
pair_coeff 144 144   0.0300000   2.5000000
pair_coeff 145 145   0.0300000   2.5000000
pair_coeff 146 146   0.0660000   3.5000000
pair_coeff 147 147   0.0300000   2.5000000
pair_coeff 148 148   0.0300000   2.5000000
pair_coeff 149 149   0.0660000   3.5000000
pair_coeff 150 150   0.0300000   2.5000000
pair_coeff 151 151   0.0300000   2.5000000
pair_coeff 152 152   0.0660000   3.5000000
pair_coeff 153 153   0.0300000   2.5000000
pair_coeff 154 154   0.0300000   2.5000000
pair_coeff 155 155   0.0660000   3.5000000
pair_coeff 156 156   0.0300000   2.5000000
pair_coeff 157 157   0.0300000   2.5000000
pair_coeff 158 158   0.0660000   3.5000000
pair_coeff 159 159   0.0300000   2.5000000
pair_coeff 160 160   0.0300000   2.5000000
pair_coeff 161 161   0.0660000   3.5000000
pair_coeff 162 162   0.0300000   2.5000000
pair_coeff 163 163   0.0300000   2.5000000
pair_coeff 164 164   0.0660000   3.5000000
pair_coeff 165 165   0.0300000   2.5000000
pair_coeff 166 166   0.0300000   2.5000000
pair_coeff 167 167   0.0300000   2.5000000

# pair_modify mix geometric

neighbor        2.0 bin
neigh_modify    delay 0 every 1 check yes

thermo_style custom ebond eangle edihed eimp epair evdwl ecoul elong etail pe

dump            1 all custom 1 forces.lammpstrj fx fy fz
dump_modify     1 sort id

run 0
